0.15 0.1 0.05 0
0.15 0.1 0.05 1
0.15 0.1 0.05 2
0.15 0.1 0.1 0
0.15 0.1 0.1 1
0.15 0.1 0.1 2
0.15 0.1 0.2 0
0.15 0.1 0.2 1
0.15 0.1 0.2 2
0.15 0.25 0.05 0
0.15 0.25 0.05 1
0.15 0.25 0.05 2
0.15 0.25 0.1 0
0.15 0.25 0.1 1
0.15 0.25 0.1 2
0.15 0.25 0.2 0
0.15 0.25 0.2 1
0.15 0.25 0.2 2
0.15 0.5 0.05 0
0.15 0.5 0.05 1
0.15 0.5 0.05 2
0.15 0.5 0.1 0
0.15 0.5 0.1 1
0.15 0.5 0.1 2
0.15 0.5 0.2 0
0.15 0.5 0.2 1
0.15 0.5 0.2 2
0.25 0.1 0.05 0
0.25 0.1 0.05 1
0.25 0.1 0.05 2
0.25 0.1 0.1 0
0.25 0.1 0.1 1
0.25 0.1 0.1 2
0.25 0.1 0.2 0
0.25 0.1 0.2 1
0.25 0.1 0.2 2
0.25 0.25 0.05 0
0.25 0.25 0.05 1
0.25 0.25 0.05 2
0.25 0.25 0.1 0
0.25 0.25 0.1 1
0.25 0.25 0.1 2
0.25 0.25 0.2 0
0.25 0.25 0.2 1
0.25 0.25 0.2 2
0.25 0.5 0.05 0
0.25 0.5 0.05 1
0.25 0.5 0.05 2
0.25 0.5 0.1 0
0.25 0.5 0.1 1
0.25 0.5 0.1 2
0.25 0.5 0.2 0
0.25 0.5 0.2 1
0.25 0.5 0.2 2
0.35 0.1 0.05 0
0.35 0.1 0.05 1
0.35 0.1 0.05 2
0.35 0.1 0.1 0
0.35 0.1 0.1 1
0.35 0.1 0.1 2
0.35 0.1 0.2 0
0.35 0.1 0.2 1
0.35 0.1 0.2 2
0.35 0.25 0.05 0
0.35 0.25 0.05 1
0.35 0.25 0.05 2
0.35 0.25 0.1 0
0.35 0.25 0.1 1
0.35 0.25 0.1 2
0.35 0.25 0.2 0
0.35 0.25 0.2 1
0.35 0.25 0.2 2
0.35 0.5 0.05 0
0.35 0.5 0.05 1
0.35 0.5 0.05 2
0.35 0.5 0.1 0
0.35 0.5 0.1 1
0.35 0.5 0.1 2
0.35 0.5 0.2 0
0.35 0.5 0.2 1
0.35 0.5 0.2 2
