0.15 0.0 0.0 0
0.15 0.0 0.0 1
0.15 0.0 0.0 2
0.15 0.0 0.4 0
0.15 0.0 0.4 1
0.15 0.0 0.4 2
0.15 0.0 0.8 0
0.15 0.0 0.8 1
0.15 0.0 0.8 2
0.15 0.0 1.2 0
0.15 0.0 1.2 1
0.15 0.0 1.2 2
0.15 0.0 1.6 0
0.15 0.0 1.6 1
0.15 0.0 1.6 2
0.15 0.0 2.0 0
0.15 0.0 2.0 1
0.15 0.0 2.0 2
0.15 0.1 0.0 0
0.15 0.1 0.0 1
0.15 0.1 0.0 2
0.15 0.1 0.4 0
0.15 0.1 0.4 1
0.15 0.1 0.4 2
0.15 0.1 0.8 0
0.15 0.1 0.8 1
0.15 0.1 0.8 2
0.15 0.1 1.2 0
0.15 0.1 1.2 1
0.15 0.1 1.2 2
0.15 0.1 1.6 0
0.15 0.1 1.6 1
0.15 0.1 1.6 2
0.15 0.1 2.0 0
0.15 0.1 2.0 1
0.15 0.1 2.0 2
0.15 0.25 0.0 0
0.15 0.25 0.0 1
0.15 0.25 0.0 2
0.15 0.25 0.4 0
0.15 0.25 0.4 1
0.15 0.25 0.4 2
0.15 0.25 0.8 0
0.15 0.25 0.8 1
0.15 0.25 0.8 2
0.15 0.25 1.2 0
0.15 0.25 1.2 1
0.15 0.25 1.2 2
0.15 0.25 1.6 0
0.15 0.25 1.6 1
0.15 0.25 1.6 2
0.15 0.25 2.0 0
0.15 0.25 2.0 1
0.15 0.25 2.0 2
